0				RegConf: 1- determina região de confiança com Enxame; 0 não o faz

1000			Niter	Numero maximo de iteracoes
1000			Npt		Numero de partículas
1.5, 1.5		C1, C2	Parametros do Enxame
0.75, 0.75	Wo, Wf	Parametros do Enxame
1.5			Rpd		Restricao do passo
0.25			LB		Parametro de Bailey
1.d-6			Ftol	Tolerancia da função objetivo
1.d-10		ALtol	Tolerancia do passo
0.95			alfa	nível de confiança

3			Npar

0.625837E-01  
-.134042E-03  
1



-100 100				2.d0	3.d0		Faixa para o Parametro 1
-100 100				4.d0	5.d0		2
-100 100


1.d-8			Perturbação no Parametro1
1.d-8			2
1.d-8


F				P1				2				3			4			5
0.480080E-02  0.294460E+01  0.460560E+01  -.814310E-02  -.550112E+04  0.000000E+00
0.311502E-01  0.301770E+01  0.460659E+01  -.831035E-02  -.551089E+04  -.383363E-01
0.373391E-01  0.309303E+01  0.458315E+01  -.816037E-02  -.550673E+04  0.103077E+01
0.459143E-01  0.301241E+01  0.458511E+01  -.803273E-02  -.549721E+04  -.850214E+01
0.233023E-01  0.729065E+01  0.385181E+01  -.700303E-02  -.561902E+04  0.999999E+01
0.716825E-01  0.294460E+01  0.460560E+01  -.814310E-02  -.550137E+04  -.124504E+03
0.925592E-04  0.999940E+01  0.333797E+01  -.612846E-02  -.558391E+04  -.144362E+05

  Matriz de Correlação dos Parâmetros
      0.100000E+01  -.999998E+00  0.999951E+00  -.999979E+00  0.999887E+00
      -.100000E+01  0.100000E+01  -.999964E+00  0.999969E+00  -.999866E+00
      0.999959E+00  -.999971E+00  0.100000E+01  -.999873E+00  0.999700E+00
      -.999973E+00  0.999962E+00  -.999858E+00  0.100000E+01  -.999967E+00
      0.999873E+00  -.999851E+00  0.999679E+00  -.999960E+00  0.100000E+01

0.449743E-01  0.294460E+01  0.460503E+01  -.814375E-02  -.550112E+04  0.489075E+02
0.925795E-04  0.999940E+01  0.333797E+01  -.612846E-02  -.558391E+04  -.144368E+05


0.120313E-01  0.169809E+02  0.213380E+01  -.396069E-02  -.586023E+04
0.296038E-03  0.169709E+02  0.219134E+01  -.465894E-02  -.589360E+04
0.122892E-01  0.290596E+01  0.466540E+01  -.883081E-02  -.553166E+04
0.114761E-01  0.290974E+01  0.466681E+01  -.885634E-02  -.553296E+04

0.925043E-04  0.179896E+02  0.201646E+01  -.441044E-02  -.592241E+04
0.925044E-04  0.179896E+02  0.201646E+01  -.441051E-02  -.592242E+04
			  17.989587906114043        2.0164646688370937       -4.4105116229410249E-003  -5922.4159026671095

NOVO
(1)
0.472917E-03  0.808753E-01  -.171228E-03  0.397589E+00  -.970087E+01


(2)
0.320439E-03  0.624407E-01  -.133026E-03  -.203850E+01  0.204118E+04
0.924862E-04  -.499183E-03  -.267398E-05  0.227686E+02  -.380850E+02

(3)
0.923743E-04  -.132330E+00  0.184553E+01  -.224918E+02



2.9446d0
  4.6056d0
   -8.1431d-3
    -5501.1243d0
     0.d0;
